>> x=[153 185 210 249 261 271 273]; t=[0 0.52 1.04 1.75 2.37 3.25 3.83];
>> velocidad=diff(x)./diff(t)

velocidad =

  Columns 1 through 5

  61.538461538461533  48.076923076923073  54.929577464788736  19.354838709677416  11.363636363636365

  Column 6

   3.448275862068965
   
   
>> aceleracion=diff(velocidad)./diff(t(1:end-1))

aceleracion =

 -25.887573964497037  13.178181515126274 -50.105265852269468 -12.889036042001694  -8.994727842690228
