
a)
>> t= [9.0 9.8 10.9 11.2 13.5 17.5];
>> D=-70+7.*t+70.*exp(-t/10);
>> velocidad=diff(D)./diff(t)

velocidad =

   4.264875922195040   4.512161490793963   4.681436880471440   4.959666357217235   5.504339449079691
b)
   >> syms x
>> f=-70+7*x+70*exp(-x/10);
>> a=[9.0 9.8 10.9 11.2 13.5 17.5];


>> exacta=double(subs(diff(f,x,1),x,a(1:end-1)))

exacta =

   4.154012381815806   4.372822308040203   4.646484544052867   4.716041437638724   5.185318175478759

>> error=norm(exacta-velocidad,inf)

error =

   0.319021273600931
   
d)
>> aceleracion=diff(velocidad)./diff(t(1:end-1))

aceleracion =

   0.309106960748653   0.153886717888616   0.927431589152651   0.236814387766285
>> exacta = double(subs(diff(f,x,2),x,a(1:end - 2)))

exacta =

   0.284598761818419   0.262717769195980   0.235351545594713   0.228395856236128
   





