>> t=[0:1/100:1/25];
>> [t xy]=ode45(@fsis39,t,[-1;2])


t =

                         0
     1.000000000000000e-02
     2.000000000000000e-02
     3.000000000000000e-02
     4.000000000000000e-02


xy =

    -1.000000000000000e+00     2.000000000000000e+00
    -1.049542534086486e+00     1.929110567025476e+00
    -1.098140550734278e+00     1.856485064751704e+00
    -1.145750315008685e+00     1.782188851228620e+00
    -1.192328981335398e+00     1.706288788033588e+00

>> [X Y]=dsolve('Dx-(11/94)*x=((901/3)*sin(3*t)-459*cos(3*t))/94','Dy-(11/94)*y= ((-1615/3)*sin(3*t)-680*cos(3*t))/94','x(0)=-1','y(0)=2')
 
X =
 
-(34^(1/2)*cos(3*t - atan(5/3)))/3
 
 
Y =
 
(85^(1/2)*cos(3*t + atan(7/6)))/3
 
>> exacta_X=double(subs(X,t));
>> exacta_Y=double(subs(Y,t));
>> exacta=[exacta_X exacta_Y]


exacta =

    -1.000000000000000e+00     2.000000000000000e+00
    -1.049542534086480e+00     1.929110567025485e+00
    -1.098140550734279e+00     1.856485064751704e+00
    -1.145750315008679e+00     1.782188851228630e+00
    -1.192328981335399e+00     1.706288788033587e+00

